0 1
0 28
0 62
0 88
0 216
0 277
0 402
0 458
0 662
1 28
1 711
1 734
2 3
2 103
2 109
2 160
3 103
3 135
3 175
3 306
3 325
3 350
4 5
6 7
7 103
7 114
8 9
8 36
8 117
8 615
9 36
9 117
9 335
9 356
9 415
10 11
10 269
10 503
10 573
11 52
11 68
11 269
12 13
12 18
12 73
14 15
15 361
16 17
18 19
18 73
20 21
20 22
20 116
21 22
22 94
23 24
23 25
24 157
26 27
26 110
28 29
28 100
28 104
29 55
29 98
29 100
29 101
30 31
31 134
31 313
31 361
31 511
32 33
34 35
35 125
36 114
36 222
36 326
36 327
37 38
37 235
38 52
38 144
38 438
38 439
39 40
39 51
40 50
41 42
41 43
44 45
44 133
44 328
44 360
45 56
46 47
46 457
48 49
50 51
50 152
51 152
53 54
53 145
57 58
57 67
57 126
57 277
57 331
57 348
57 605
58 67
58 324
58 348
58 371
58 690
59 60
61 62
62 88
62 89
62 277
62 358
62 458
62 459
63 64
64 65
65 66
66 118
67 68
67 317
67 343
67 398
68 140
69 70
70 313
70 340
70 454
70 455
71 72
73 329
74 75
76 77
76 78
76 147
78 246
78 386
78 387
79 80
79 81
79 82
80 102
80 122
80 180
83 84
83 85
83 123
83 124
83 687
84 113
84 123
84 124
86 87
88 458
88 459
89 149
90 91
92 93
92 208
92 414
92 487
92 577
94 290
94 291
94 292
95 96
95 97
95 151
98 99
98 100
100 104
101 102
104 105
104 203
104 204
104 237
104 238
104 239
104 240
104 241
104 242
105 753
106 107
106 561
107 114
107 115
108 109
111 112
114 115
114 741
115 212
115 213
119 120
120 141
121 122
122 179
122 180
122 404
123 124
125 174
125 177
125 183
125 185
125 201
125 202
125 215
125 276
125 280
125 298
125 764
126 127
126 128
126 348
127 128
129 130
131 132
136 137
137 168
137 169
137 170
137 171
137 200
137 271
137 272
137 273
137 452
138 139
139 147
139 259
139 261
139 263
139 387
141 158
142 143
143 146
144 150
147 148
147 281
147 282
153 154
154 522
155 156
159 160
160 360
161 162
161 234
162 182
162 234
162 625
163 164
163 174
163 201
163 215
163 289
163 338
163 445
163 758
164 177
164 201
164 215
164 362
165 166
165 167
165 176
165 186
165 187
165 197
165 229
165 235
165 236
165 371
165 383
165 450
166 167
166 186
166 187
166 197
166 314
166 378
166 382
167 176
167 186
167 187
167 197
167 317
168 169
168 170
168 171
168 175
168 200
168 270
168 271
168 272
168 273
169 170
169 171
169 200
169 270
169 271
169 272
169 273
169 468
170 171
170 175
170 200
170 270
170 271
170 272
170 273
170 304
171 200
171 270
171 271
171 272
171 273
171 439
172 173
172 319
172 355
172 368
172 372
172 378
172 381
172 382
172 419
173 318
173 319
173 372
174 178
174 183
174 185
174 201
174 202
174 208
174 209
174 215
174 276
174 293
174 295
174 298
174 337
174 665
174 781
175 271
175 272
175 304
176 186
176 187
176 197
176 235
176 236
176 317
177 178
177 183
177 184
177 202
177 280
177 298
177 336
177 338
177 467
177 773
178 183
178 185
178 202
178 276
178 295
178 298
178 337
178 338
178 665
178 695
178 776
179 180
179 353
179 673
181 182
181 251
181 252
181 253
181 254
181 354
182 376
183 185
183 201
183 276
183 337
184 185
184 283
184 285
184 286
184 338
184 467
185 201
185 215
185 276
185 293
185 295
185 298
185 695
185 781
186 187
186 197
186 235
186 236
186 642
187 197
187 236
188 189
188 190
188 217
188 218
189 190
189 217
189 218
190 217
190 218
191 192
191 504
193 194
193 195
193 196
193 391
193 411
194 196
194 411
195 196
195 231
195 232
195 265
195 391
195 411
195 700
196 231
196 232
196 233
196 391
196 395
196 411
196 499
196 580
196 604
196 700
197 236
197 394
198 199
198 223
198 224
198 256
198 277
198 447
199 223
199 224
199 255
199 256
199 257
199 447
200 265
200 270
200 271
200 272
200 273
201 202
201 208
201 209
201 215
201 216
201 276
201 293
201 298
201 338
201 445
201 758
202 216
202 296
202 298
202 338
202 377
202 402
203 204
203 237
203 238
203 239
203 240
203 241
203 242
203 274
204 237
204 238
204 239
204 240
204 241
204 242
204 274
205 206
205 207
205 429
205 503
206 207
206 225
206 244
206 245
206 316
207 245
207 316
208 209
208 210
208 211
208 445
209 275
209 276
211 215
211 551
211 552
213 214
213 435
213 436
213 550
214 435
214 436
215 216
215 445
216 338
216 402
217 218
217 309
217 626
219 220
220 561
221 222
222 326
222 327
222 393
223 224
224 259
224 263
224 405
224 447
225 226
225 227
225 228
225 229
225 230
225 244
225 316
225 371
225 418
226 228
226 230
226 371
226 418
227 314
227 315
227 316
228 230
229 230
229 372
229 383
230 324
230 371
230 372
230 396
230 418
230 765
231 232
231 233
231 411
232 265
232 391
232 411
233 391
233 392
233 395
235 236
235 391
237 238
237 239
237 240
237 241
237 242
238 239
238 240
238 241
238 242
239 240
239 241
239 242
240 241
240 242
241 242
242 274
243 244
243 245
244 245
244 316
244 371
244 754
244 784
245 316
245 324
245 355
245 371
245 378
245 383
246 247
246 248
246 386
246 759
247 248
247 259
247 261
247 263
247 329
247 330
247 428
247 440
248 329
248 330
248 464
248 743
248 768
249 250
250 264
250 278
250 279
250 502
250 601
250 641
251 252
251 253
251 254
252 254
252 354
252 484
253 254
254 589
254 590
255 256
255 257
255 354
255 540
255 588
256 257
257 314
257 351
257 540
257 588
258 259
258 260
259 260
259 261
259 262
259 263
259 387
259 405
259 440
259 550
260 343
260 592
260 593
261 262
261 263
261 440
262 263
263 350
263 387
263 405
263 440
263 512
264 265
264 502
264 572
264 601
264 674
265 502
265 572
265 591
266 267
266 268
267 268
267 289
268 287
268 289
268 339
268 478
269 429
270 271
270 272
270 273
271 272
271 273
271 304
271 484
272 273
275 276
276 284
276 287
276 293
276 295
277 348
277 358
277 466
278 279
280 283
280 285
280 286
280 289
280 467
280 771
281 282
281 463
281 616
283 284
283 285
283 286
283 287
283 288
283 295
283 605
283 771
284 285
284 286
284 287
284 288
284 299
285 286
285 287
285 288
285 467
285 771
286 287
286 288
286 445
286 467
286 567
286 771
287 288
287 506
289 465
289 626
290 292
293 338
294 295
295 605
295 750
296 297
296 298
296 783
297 298
298 336
298 338
298 377
298 403
298 665
298 773
298 781
300 301
300 474
300 632
302 303
305 306
306 325
307 308
309 310
309 339
309 500
311 312
311 313
312 313
313 340
313 361
313 454
313 455
314 315
314 351
314 418
314 419
314 437
315 378
315 379
315 380
316 324
316 418
316 778
317 343
317 397
318 372
319 355
319 368
319 372
319 378
319 446
319 602
319 631
320 321
321 430
322 323
322 451
323 487
324 371
324 754
324 765
326 327
329 330
329 428
329 464
330 406
330 418
330 428
330 473
331 332
331 568
333 334
337 457
338 445
338 467
339 633
339 671
340 341
340 454
340 455
342 343
343 371
343 388
343 391
343 392
343 697
343 707
344 345
344 346
344 347
345 346
345 347
346 347
346 606
348 349
348 456
348 463
348 605
349 605
349 621
350 351
350 352
351 403
354 561
355 368
355 372
355 378
355 381
355 382
355 383
355 419
355 631
355 713
356 357
357 407
357 408
358 359
359 463
363 364
365 366
365 367
366 367
368 369
368 370
368 372
368 378
368 380
368 381
368 382
368 419
369 370
371 372
371 418
371 754
371 765
371 779
372 378
372 381
372 631
373 374
374 375
375 389
375 390
378 379
378 380
378 381
378 382
378 383
378 419
378 446
378 667
379 380
379 382
380 382
380 667
381 382
382 667
384 385
386 439
386 514
387 405
389 390
389 701
389 703
389 706
391 392
391 395
391 411
391 511
392 395
392 685
396 397
396 398
396 450
397 398
397 450
397 677
399 400
401 402
401 465
403 404
403 634
407 408
409 410
410 441
410 503
410 522
411 604
411 719
412 413
412 710
413 744
414 668
416 417
416 627
417 627
418 419
418 437
418 779
419 437
420 421
422 423
422 444
423 444
423 594
423 595
423 596
424 425
424 628
426 427
427 476
429 503
431 432
433 434
433 689
433 728
434 688
434 689
435 436
438 439
439 699
442 443
444 481
445 465
446 505
448 449
450 605
450 677
452 453
454 455
457 504
460 461
460 462
461 462
461 507
461 542
461 543
461 733
462 543
462 733
464 469
464 470
464 513
465 680
467 501
469 635
471 472
472 587
473 474
475 476
475 563
476 564
477 478
477 498
478 498
479 480
481 482
483 484
485 486
487 576
487 577
487 681
488 489
488 663
489 663
490 491
490 664
490 665
490 726
490 734
490 774
491 727
492 493
493 672
494 495
496 497
498 499
499 580
500 501
502 601
503 522
505 607
505 626
505 696
506 629
506 630
507 508
507 624
507 733
507 756
507 762
509 510
512 513
512 521
512 588
513 521
514 777
515 516
517 518
518 717
519 520
521 588
523 524
525 526
525 527
526 527
527 569
528 529
529 530
529 531
530 531
532 533
533 694
534 535
534 666
536 537
537 752
538 539
540 541
542 543
542 691
543 691
543 692
544 545
546 547
547 757
548 549
552 758
553 554
555 556
557 558
557 759
559 560
561 562
564 608
564 609
564 610
565 566
570 571
571 742
572 573
574 575
576 577
578 579
579 598
579 626
581 582
583 584
584 678
585 586
589 759
590 767
592 593
595 596
597 598
598 671
599 600
600 639
603 604
605 714
606 607
606 696
608 609
608 610
611 612
613 614
615 680
617 618
619 620
622 623
622 786
624 756
624 762
626 696
630 766
630 780
630 783
633 762
635 636
637 638
639 640
643 644
643 645
644 645
646 647
646 648
646 649
647 648
647 649
648 649
650 651
651 751
652 653
652 654
653 654
655 656
657 658
657 659
660 661
664 665
665 726
665 727
665 774
669 670
675 676
679 680
682 683
682 684
682 775
686 687
688 689
691 692
693 694
695 698
696 785
701 702
701 703
704 705
707 717
707 718
708 709
711 712
715 716
717 718
720 721
722 723
724 725
724 763
726 727
726 772
726 774
729 730
731 732
734 774
735 736
737 738
739 740
741 749
745 746
747 748
748 751
755 756
756 762
760 761
765 779
766 783
769 770
781 782
